T	M
1.000000000000e-02 1
1.000000000000e-01 1
4.341137123746e-01 9.998307347133e-01
7.682274247492e-01 9.951014799692e-01
1.102341137124e+00 9.861459069381e-01
1.436454849498e+00 9.780259753211e-01
1.770568561873e+00 9.583627137442e-01
2.104682274247e+00 9.380895767341e-01
2.438795986622e+00 9.042550983037e-01
2.772909698997e+00 8.688461728742e-01
3.107023411371e+00 8.327204029540e-01
3.441137123746e+00 7.978079442664e-01
3.775250836120e+00 7.641253338439e-01
4.109364548495e+00 7.300140345470e-01
4.443478260870e+00 6.980887945193e-01
4.777591973244e+00 6.720262725746e-01
5.111705685619e+00 6.417854614370e-01
5.445819397993e+00 6.135519554205e-01
5.779933110368e+00 5.863981527514e-01
6.114046822742e+00 5.610350853052e-01
6.448160535117e+00 5.374155689260e-01
6.782274247492e+00 5.153991199181e-01
7.116387959866e+00 4.947651857554e-01
7.450501672241e+00 4.753117970992e-01
7.784615384615e+00 4.560003840950e-01
8.118729096990e+00 4.384464141484e-01
8.452842809365e+00 4.216731328327e-01
8.786956521739e+00 4.055511013872e-01
9.121070234114e+00 3.902702437196e-01
9.455183946488e+00 3.757237444637e-01
9.789297658863e+00 3.622948228845e-01
1.012341137124e+01 3.492548100647e-01
1.045752508361e+01 3.369549725305e-01
1.079163879599e+01 3.253630705132e-01
1.112575250836e+01 3.144381037642e-01
1.145986622074e+01 3.041287390961e-01
1.179397993311e+01 2.943832856999e-01
1.212809364548e+01 2.851358619212e-01
1.246220735786e+01 2.763369572369e-01
1.279632107023e+01 2.679540563775e-01
1.313043478261e+01 2.599124104681e-01
1.346454849498e+01 2.521948045823e-01
1.379866220736e+01 2.447750673354e-01
1.413277591973e+01 2.376321680245e-01
1.446688963211e+01 2.307006949688e-01
1.480100334448e+01 2.240837287320e-01
1.513511705686e+01 2.177182239494e-01
1.546923076923e+01 2.116002500913e-01
1.580334448161e+01 2.057208087267e-01
1.613745819398e+01 2.000888008512e-01
1.647157190635e+01 1.946932233999e-01
1.680568561873e+01 1.895280695532e-01
1.713979933110e+01 1.845865892817e-01
1.747391304348e+01 1.798584005041e-01
1.780802675585e+01 1.753340368454e-01
1.814214046823e+01 1.710023526421e-01
1.847625418060e+01 1.668516112077e-01
1.881036789298e+01 1.628722460877e-01
1.914448160535e+01 1.590472886612e-01
1.947859531773e+01 1.553676522332e-01
1.981270903010e+01 1.518222704958e-01
2.014682274247e+01 1.484009008242e-01
2.048093645485e+01 1.451029778122e-01
2.081505016722e+01 1.419023842456e-01
2.114916387960e+01 1.388008379558e-01
2.148327759197e+01 1.357921182190e-01
2.181739130435e+01 1.328710165219e-01
2.215150501672e+01 1.300331667129e-01
2.248561872910e+01 1.272741543812e-01
2.281973244147e+01 1.245931757640e-01
2.315384615385e+01 1.219870622137e-01
2.348795986622e+01 1.194541016423e-01
2.382207357860e+01 1.169929028818e-01
2.415618729097e+01 1.146021891015e-01
2.449030100334e+01 1.122777226658e-01
2.482441471572e+01 1.100252512182e-01
2.515852842809e+01 1.078402468275e-01
2.549264214047e+01 1.057215504285e-01
2.582675585284e+01 1.036678718625e-01
2.616086956522e+01 1.016777702959e-01
2.649498327759e+01 9.975004840099e-02
2.682909698997e+01 9.788217738871e-02
2.716321070234e+01 9.607264715309e-02
2.749732441472e+01 9.431942943095e-02
2.783143812709e+01 9.262038449599e-02
2.816555183946e+01 9.097331476983e-02
2.849966555184e+01 8.937594665638e-02
2.883377926421e+01 8.782599514580e-02
2.916789297659e+01 8.632248751787e-02
2.950200668896e+01 8.486052034670e-02
2.983612040134e+01 8.343921144127e-02
3.017023411371e+01 8.205642999668e-02
3.050434782609e+01 8.071011934765e-02
3.083846153846e+01 7.939833019925e-02
3.117257525084e+01 7.811923333591e-02
3.150668896321e+01 7.687110942959e-02
3.184080267559e+01 7.565237096677e-02
3.217491638796e+01 7.446157475009e-02
3.250903010033e+01 7.329739554889e-02
3.284314381271e+01 7.215865210911e-02
3.317725752508e+01 7.104427641392e-02
3.351137123746e+01 6.995332804590e-02
3.384548494983e+01 6.888499729091e-02
3.417959866221e+01 6.783801434651e-02
3.451371237458e+01 6.681281154868e-02
3.484782608696e+01 6.580831597545e-02
3.518193979933e+01 6.482406550400e-02
3.551605351171e+01 6.385965983347e-02
3.585016722408e+01 6.291474114041e-02
3.618428093645e+01 6.198901391372e-02
3.651839464883e+01 6.108219915834e-02
3.685250836120e+01 6.019399079607e-02
3.718662207358e+01 5.932427249404e-02
3.752073578595e+01 5.847275815207e-02
3.785484949833e+01 5.763922942164e-02
3.818896321070e+01 5.682345966853e-02
3.852307692308e+01 5.602521347715e-02
3.885719063545e+01 5.524424902628e-02
3.919130434783e+01 5.448030278653e-02
3.952541806020e+01 5.373310260504e-02
3.985953177258e+01 5.300234781066e-02
4.019364548495e+01 5.228774378733e-02
4.052775919732e+01 5.158915286994e-02
4.086187290970e+01 5.090583771409e-02
4.119598662207e+01 5.023764125598e-02
4.153010033445e+01 4.958418944291e-02
4.186421404682e+01 4.894509961162e-02
4.219832775920e+01 4.831997745465e-02
4.253244147157e+01 4.770842523785e-02
4.286655518395e+01 4.711003194847e-02
4.320066889632e+01 4.652438874575e-02
4.353478260870e+01 4.595108422285e-02
4.386889632107e+01 4.538970930294e-02
4.420301003344e+01 4.483985098647e-02
4.453712374582e+01 4.430110614483e-02
4.487123745819e+01 4.377308110238e-02
4.520535117057e+01 4.325538616654e-02
4.553946488294e+01 4.274763808722e-02
4.587357859532e+01 4.224947142292e-02
4.620769230769e+01 4.176052945583e-02
4.654180602007e+01 4.128046956346e-02
4.687591973244e+01 4.080896013605e-02
4.721003344482e+01 4.034569270006e-02
4.754414715719e+01 3.989036085863e-02
4.787826086957e+01 3.944268630956e-02
4.821237458194e+01 3.900239986375e-02
4.854648829431e+01 3.856925056670e-02
4.888060200669e+01 3.814300550089e-02
4.921471571906e+01 3.772344179937e-02
4.954882943144e+01 3.731035821013e-02
4.988294314381e+01 3.690356568294e-02
5.021705685619e+01 3.650288883924e-02
5.055117056856e+01 3.610817037498e-02
5.088528428094e+01 3.571927082224e-02
5.121939799331e+01 3.533603468399e-02
5.155351170569e+01 3.495835541276e-02
5.188762541806e+01 3.458611682371e-02
5.222173913043e+01 3.421922194740e-02
5.255585284281e+01 3.385757555843e-02
5.288996655518e+01 3.350109852396e-02
5.322408026756e+01 3.314971042225e-02
5.355819397993e+01 3.280334611660e-02
5.389230769231e+01 3.246194045509e-02
5.422642140468e+01 3.212543721569e-02
5.456053511706e+01 3.179378146346e-02
5.489464882943e+01 3.146692269979e-02
5.522876254181e+01 3.114481425593e-02
5.556287625418e+01 3.082738233579e-02
5.589698996656e+01 3.051463848496e-02
5.623110367893e+01 3.020651424324e-02
5.656521739130e+01 2.990296483963e-02
5.689933110368e+01 2.960394626873e-02
5.723344481605e+01 2.930941850772e-02
5.756755852843e+01 2.901933478160e-02
5.790167224080e+01 2.873365273838e-02
5.823578595318e+01 2.845232264312e-02
5.856989966555e+01 2.817530032114e-02
5.890401337793e+01 2.790253292686e-02
5.923812709030e+01 2.763397055001e-02
5.957224080268e+01 2.736955934459e-02
5.990635451505e+01 2.710924374248e-02
6.024046822742e+01 2.685296924093e-02
6.057458193980e+01 2.660067584576e-02
6.090869565217e+01 2.635230183017e-02
6.124280936455e+01 2.610778441821e-02
6.157692307692e+01 2.586706152533e-02
6.191103678930e+01 2.563006807506e-02
6.224515050167e+01 2.539673435849e-02
6.257926421405e+01 2.516699379451e-02
6.291337792642e+01 2.494077985146e-02
6.324749163880e+01 2.471801880540e-02
6.358160535117e+01 2.449864181813e-02
6.391571906355e+01 2.428257780183e-02
6.424983277592e+01 2.406975515285e-02
6.458394648829e+01 2.386010186321e-02
6.491806020067e+01 2.365354754646e-02
6.525217391304e+01 2.345001975276e-02
6.558628762542e+01 2.324944688908e-02
6.592040133779e+01 2.305175857411e-02
6.625451505017e+01 2.285688407477e-02
6.658862876254e+01 2.266475584692e-02
6.692274247492e+01 2.247530275498e-02
6.725685618729e+01 2.228845965804e-02
6.759096989967e+01 2.210415897395e-02
6.792508361204e+01 2.192233547540e-02
6.825919732441e+01 2.174292613365e-02
6.859331103679e+01 2.156586934028e-02
6.892742474916e+01 2.139110253729e-02
6.926153846154e+01 2.121856787574e-02
6.959565217391e+01 2.104820775672e-02
6.992976588629e+01 2.087996556399e-02
7.026387959866e+01 2.071378799325e-02
7.059799331104e+01 2.054962494130e-02
7.093210702341e+01 2.038742225112e-02
7.126622073579e+01 2.022713324934e-02
7.160033444816e+01 2.006871156456e-02
7.193444816054e+01 1.991211365443e-02
7.226856187291e+01 1.975729545145e-02
7.260267558528e+01 1.960421581331e-02
7.293678929766e+01 1.945283616781e-02
7.327090301003e+01 1.930312038589e-02
7.360501672241e+01 1.915503167268e-02
7.393913043478e+01 1.900853781637e-02
7.427324414716e+01 1.886360628964e-02
7.460735785953e+01 1.872020794426e-02
7.494147157191e+01 1.857831322182e-02
7.527558528428e+01 1.843789516061e-02
7.560969899666e+01 1.829893523442e-02
7.594381270903e+01 1.816139777878e-02
7.627792642140e+01 1.802526686332e-02
7.661204013378e+01 1.789052105534e-02
7.694615384615e+01 1.775714117184e-02
7.728026755853e+01 1.762510735277e-02
7.761438127090e+01 1.749440484951e-02
7.794849498328e+01 1.736501428575e-02
7.828260869565e+01 1.723692365189e-02
7.861672240803e+01 1.711011525463e-02
7.895083612040e+01 1.698457857275e-02
7.928494983278e+01 1.686029995867e-02
7.961906354515e+01 1.673726848967e-02
7.995317725753e+01 1.661547140666e-02
8.028729096990e+01 1.649489997654e-02
8.062140468227e+01 1.637554199425e-02
8.095551839465e+01 1.625738953893e-02
8.128963210702e+01 1.614043322871e-02
8.162374581940e+01 1.602466335592e-02
8.195785953177e+01 1.591007335151e-02
8.229197324415e+01 1.579665327472e-02
8.262608695652e+01 1.568439619586e-02
8.296020066890e+01 1.557329281243e-02
8.329431438127e+01 1.546333710723e-02
8.362842809365e+01 1.535452004844e-02
8.396254180602e+01 1.524683321410e-02
8.429665551839e+01 1.514027183342e-02
8.463076923077e+01 1.503482603881e-02
8.496488294314e+01 1.493048826601e-02
8.529899665552e+01 1.482725099838e-02
8.563311036789e+01 1.472510683197e-02
8.596722408027e+01 1.462404607736e-02
8.630133779264e+01 1.452406143541e-02
8.663545150502e+01 1.442514481722e-02
8.696956521739e+01 1.432728621317e-02
8.730367892977e+01 1.423047811736e-02
8.763779264214e+01 1.413471150892e-02
8.797190635452e+01 1.403997686454e-02
8.830602006689e+01 1.394626412116e-02
8.864013377926e+01 1.385356283998e-02
8.897424749164e+01 1.376186595948e-02
8.930836120401e+01 1.367116190167e-02
8.964247491639e+01 1.358144065701e-02
8.997658862876e+01 1.349269239503e-02
9.031070234114e+01 1.340490399446e-02
9.064481605351e+01 1.331806770174e-02
9.097892976589e+01 1.323217105140e-02
9.131304347826e+01 1.314720271377e-02
9.164715719064e+01 1.306315142814e-02
9.198127090301e+01 1.298000670343e-02
9.231538461538e+01 1.289775534881e-02
9.264949832776e+01 1.281638622064e-02
9.298361204013e+01 1.273588807301e-02
9.331772575251e+01 1.265624886003e-02
9.365183946488e+01 1.257745579630e-02
9.398595317726e+01 1.249949738267e-02
9.432006688963e+01 1.242236194016e-02
9.465418060201e+01 1.234603592701e-02
9.498829431438e+01 1.227050881730e-02
9.532240802676e+01 1.219576706602e-02
9.565652173913e+01 1.212179916555e-02
9.599063545151e+01 1.204859268598e-02
9.632474916388e+01 1.197613564523e-02
9.665886287625e+01 1.190441543386e-02
9.699297658863e+01 1.183341958533e-02
9.732709030100e+01 1.176313736679e-02
9.766120401338e+01 1.169355588384e-02
9.799531772575e+01 1.162466300237e-02
9.832943143813e+01 1.155644753502e-02
9.866354515050e+01 1.148889802561e-02
9.899765886288e+01 1.142200198137e-02
9.933177257525e+01 1.135574903258e-02
9.966588628763e+01 1.129012758202e-02
1.000000000000e+02 1.122512591183e-02
