T	M
1.000000000000e-02 1
1.000000000000e-01 1
4.341137123746e-01 9.991668479375e-01
7.682274247492e-01 9.936752318731e-01
1.102341137124e+00 9.871583290497e-01
1.436454849498e+00 9.760380690273e-01
1.770568561873e+00 9.553852410192e-01
2.104682274247e+00 9.197297212154e-01
2.438795986622e+00 8.798488494981e-01
2.772909698997e+00 8.375352451236e-01
3.107023411371e+00 7.946727353296e-01
3.441137123746e+00 7.501336213740e-01
3.775250836120e+00 7.074526909101e-01
4.109364548495e+00 6.657966094016e-01
4.443478260870e+00 6.268115105646e-01
4.777591973244e+00 5.894782700276e-01
5.111705685619e+00 5.543775332078e-01
5.445819397993e+00 5.212729460894e-01
5.779933110368e+00 4.899167916656e-01
6.114046822742e+00 4.602370431148e-01
6.448160535117e+00 4.323075990457e-01
6.782274247492e+00 4.060699907883e-01
7.116387959866e+00 3.817679031636e-01
7.450501672241e+00 3.591879693890e-01
7.784615384615e+00 3.381838727600e-01
8.118729096990e+00 3.185452962544e-01
8.452842809365e+00 3.001093075208e-01
8.786956521739e+00 2.827750989547e-01
9.121070234114e+00 2.665043830357e-01
9.455183946488e+00 2.512530589728e-01
9.789297658863e+00 2.370226819977e-01
1.012341137124e+01 2.237757600893e-01
1.045752508361e+01 2.114454949708e-01
1.079163879599e+01 1.999435729359e-01
1.112575250836e+01 1.891889135340e-01
1.145986622074e+01 1.790909787905e-01
1.179397993311e+01 1.695848572639e-01
1.212809364548e+01 1.606267287177e-01
1.246220735786e+01 1.521855271735e-01
1.279632107023e+01 1.442475904957e-01
1.313043478261e+01 1.367989470241e-01
1.346454849498e+01 1.298213216737e-01
1.379866220736e+01 1.232883185309e-01
1.413277591973e+01 1.171695475177e-01
1.446688963211e+01 1.114275373460e-01
1.480100334448e+01 1.060252948279e-01
1.513511705686e+01 1.009287783262e-01
1.546923076923e+01 9.610947553537e-02
1.580334448161e+01 9.154621784932e-02
1.613745819398e+01 8.722288031573e-02
1.647157190635e+01 8.312941981303e-02
1.680568561873e+01 7.925817600376e-02
1.713979933110e+01 7.560215495462e-02
1.747391304348e+01 7.215335000555e-02
1.780802675585e+01 6.890189647155e-02
1.814214046823e+01 6.583596589753e-02
1.847625418060e+01 6.294224310127e-02
1.881036789298e+01 6.020672331680e-02
1.914448160535e+01 5.761568500542e-02
1.947859531773e+01 5.515646082897e-02
1.981270903010e+01 5.281809283337e-02
2.014682274247e+01 5.059180866125e-02
2.048093645485e+01 4.847072304269e-02
2.081505016722e+01 4.644975660485e-02
2.114916387960e+01 4.452510896674e-02
2.148327759197e+01 4.269369581175e-02
2.181739130435e+01 4.095262775339e-02
2.215150501672e+01 3.929878065352e-02
2.248561872910e+01 3.772856522134e-02
2.281973244147e+01 3.623785120884e-02
2.315384615385e+01 3.482201846937e-02
2.348795986622e+01 3.347613064584e-02
2.382207357860e+01 3.219515157158e-02
2.415618729097e+01 3.097416004380e-02
2.449030100334e+01 2.980858251345e-02
2.482441471572e+01 2.869431585730e-02
2.515852842809e+01 2.762786718490e-02
2.549264214047e+01 2.660636188884e-02
2.582675585284e+01 2.562750754690e-02
2.616086956522e+01 2.468950979248e-02
2.649498327759e+01 2.379094583006e-02
2.682909698997e+01 2.293061700696e-02
2.716321070234e+01 2.210742768018e-02
2.749732441472e+01 2.132025453430e-02
2.783143812709e+01 2.056787956635e-02
2.816555183946e+01 1.984894634214e-02
2.849966555184e+01 1.916194843370e-02
2.883377926421e+01 1.850525264029e-02
2.916789297659e+01 1.787713589131e-02
2.950200668896e+01 1.727583943638e-02
2.983612040134e+01 1.669962776752e-02
3.017023411371e+01 1.614683232781e-02
3.050434782609e+01 1.561591040053e-02
3.083846153846e+01 1.510547109067e-02
3.117257525084e+01 1.461429916197e-02
3.150668896321e+01 1.414136158710e-02
3.184080267559e+01 1.368580048854e-02
3.217491638796e+01 1.324691224644e-02
3.250903010033e+01 1.282412380673e-02
3.284314381271e+01 1.241695171438e-02
3.317725752508e+01 1.202497282406e-02
3.351137123746e+01 1.164778993282e-02
3.384548494983e+01 1.128500430287e-02
3.417959866221e+01 1.093619391802e-02
3.451371237458e+01 1.060090186726e-02
3.484782608696e+01 1.027863154440e-02
3.518193979933e+01 9.968845746828e-03
3.551605351171e+01 9.670976202880e-03
3.585016722408e+01 9.384431224051e-03
3.618428093645e+01 9.108610355889e-03
3.651839464883e+01 8.842917114383e-03
3.685250836120e+01 8.586772777483e-03
3.718662207358e+01 8.339627142274e-03
3.752073578595e+01 8.100970376774e-03
3.785484949833e+01 7.870340917483e-03
3.818896321070e+01 7.647327334024e-03
3.852307692308e+01 7.431574040726e-03
3.885719063545e+01 7.222777922616e-03
3.919130434783e+01 7.020687258023e-03
3.952541806020e+01 6.825095372803e-03
3.985953177258e+01 6.635834944404e-03
4.019364548495e+01 6.452769938084e-03
4.052775919732e+01 6.275789339841e-03
4.086187290970e+01 6.104798727789e-03
4.119598662207e+01 5.939713096388e-03
4.153010033445e+01 5.780451670204e-03
4.186421404682e+01 5.626932840599e-03
4.219832775920e+01 5.479069797661e-03
4.253244147157e+01 5.336767791469e-03
4.286655518395e+01 5.199923114536e-03
4.320066889632e+01 5.068420972877e-03
4.353478260870e+01 4.942137035629e-03
4.386889632107e+01 4.820936424046e-03
4.420301003344e+01 4.704676298794e-03
4.453712374582e+01 4.593205306815e-03
4.487123745819e+01 4.486365983075e-03
4.520535117057e+01 4.383997426437e-03
4.553946488294e+01 4.285933912189e-03
4.587357859532e+01 4.192009577943e-03
4.620769230769e+01 4.102057408241e-03
4.654180602007e+01 4.015911477998e-03
4.687591973244e+01 3.933408127670e-03
4.721003344482e+01 3.854386474273e-03
4.754414715719e+01 3.778688854559e-03
4.787826086957e+01 3.706162501143e-03
4.821237458194e+01 3.636659121992e-03
4.854648829431e+01 3.570035237601e-03
4.888060200669e+01 3.506153165687e-03
4.921471571906e+01 3.444880499080e-03
4.954882943144e+01 3.386090780061e-03
4.988294314381e+01 3.329662137422e-03
5.021705685619e+01 3.275479955772e-03
5.055117056856e+01 3.223433328634e-03
5.088528428094e+01 3.173418359809e-03
5.121939799331e+01 3.125334783252e-03
5.155351170569e+01 3.079088376340e-03
5.188762541806e+01 3.034590007012e-03
5.222173913043e+01 2.991754164243e-03
5.255585284281e+01 2.950500759339e-03
5.288996655518e+01 2.910753574281e-03
5.322408026756e+01 2.872440627087e-03
5.355819397993e+01 2.835493653415e-03
5.389230769231e+01 2.799847996387e-03
5.422642140468e+01 2.765442793942e-03
5.456053511706e+01 2.732220086639e-03
5.489464882943e+01 2.700125376084e-03
5.522876254181e+01 2.669107094161e-03
5.556287625418e+01 2.639115915790e-03
5.589698996656e+01 2.610105884829e-03
5.623110367893e+01 2.582033354807e-03
5.656521739130e+01 2.554856403232e-03
5.689933110368e+01 2.528535938784e-03
5.723344481605e+01 2.503034894872e-03
5.756755852843e+01 2.478317821070e-03
5.790167224080e+01 2.454351300532e-03
5.823578595318e+01 2.431103899427e-03
5.856989966555e+01 2.408545098629e-03
5.890401337793e+01 2.386646825829e-03
5.923812709030e+01 2.365381781440e-03
5.957224080268e+01 2.344724475807e-03
5.990635451505e+01 2.324650316321e-03
6.024046822742e+01 2.305136054596e-03
6.057458193980e+01 2.286159767724e-03
6.090869565217e+01 2.267700383157e-03
6.124280936455e+01 2.249738198682e-03
6.157692307692e+01 2.232253946555e-03
6.191103678930e+01 2.215229519738e-03
6.224515050167e+01 2.198647920164e-03
6.257926421405e+01 2.182492553815e-03
6.291337792642e+01 2.166748046305e-03
6.324749163880e+01 2.151399017194e-03
6.358160535117e+01 2.136431617492e-03
6.391571906355e+01 2.121832134852e-03
6.424983277592e+01 2.107587625661e-03
6.458394648829e+01 2.093685434664e-03
6.491806020067e+01 2.080113987842e-03
6.525217391304e+01 2.066861941924e-03
6.558628762542e+01 2.053918401412e-03
6.592040133779e+01 2.041273063233e-03
6.625451505017e+01 2.028915896600e-03
6.658862876254e+01 2.016837506480e-03
6.692274247492e+01 2.005028555013e-03
6.725685618729e+01 1.993480792570e-03
6.759096989967e+01 1.982185381882e-03
6.792508361204e+01 1.971134667093e-03
6.825919732441e+01 1.960320644660e-03
6.859331103679e+01 1.949736219700e-03
6.892742474916e+01 1.939374192374e-03
6.926153846154e+01 1.929227636342e-03
6.959565217391e+01 1.919290237622e-03
6.992976588629e+01 1.909555633203e-03
7.026387959866e+01 1.900017803584e-03
7.059799331104e+01 1.890670812398e-03
7.093210702341e+01 1.881509276215e-03
7.126622073579e+01 1.872527715719e-03
7.160033444816e+01 1.863720854370e-03
7.193444816054e+01 1.855083993122e-03
7.226856187291e+01 1.846612182789e-03
7.260267558528e+01 1.838300839827e-03
7.293678929766e+01 1.830145400965e-03
7.327090301003e+01 1.822141696962e-03
7.360501672241e+01 1.814285458811e-03
7.393913043478e+01 1.806572915556e-03
7.427324414716e+01 1.798999954245e-03
7.460735785953e+01 1.791563191291e-03
7.494147157191e+01 1.784258709501e-03
7.527558528428e+01 1.777083165954e-03
7.560969899666e+01 1.770033259676e-03
7.594381270903e+01 1.763105676180e-03
7.627792642140e+01 1.756297440720e-03
7.661204013378e+01 1.749605342316e-03
7.694615384615e+01 1.743026519296e-03
7.728026755853e+01 1.736558206474e-03
7.761438127090e+01 1.730197611219e-03
7.794849498328e+01 1.723942200875e-03
7.828260869565e+01 1.717789295120e-03
7.861672240803e+01 1.711736343271e-03
7.895083612040e+01 1.705781169581e-03
7.928494983278e+01 1.699921211943e-03
7.961906354515e+01 1.694154492222e-03
7.995317725753e+01 1.688478536283e-03
8.028729096990e+01 1.682891388091e-03
8.062140468227e+01 1.677391012196e-03
8.095551839465e+01 1.671975340444e-03
8.128963210702e+01 1.666642455823e-03
8.162374581940e+01 1.661390499947e-03
8.195785953177e+01 1.656217740024e-03
8.229197324415e+01 1.651122333960e-03
8.262608695652e+01 1.646102552377e-03
8.296020066890e+01 1.641156706100e-03
8.329431438127e+01 1.636283236987e-03
8.362842809365e+01 1.631480571438e-03
8.396254180602e+01 1.626747283262e-03
8.429665551839e+01 1.622081749796e-03
8.463076923077e+01 1.617482561448e-03
8.496488294314e+01 1.612948245062e-03
8.529899665552e+01 1.608477690015e-03
8.563311036789e+01 1.604069302318e-03
8.596722408027e+01 1.599721980201e-03
8.630133779264e+01 1.595434377388e-03
8.663545150502e+01 1.591205220146e-03
8.696956521739e+01 1.587033489657e-03
8.730367892977e+01 1.582917872119e-03
8.763779264214e+01 1.578857393486e-03
8.797190635452e+01 1.574850886620e-03
8.830602006689e+01 1.570897297218e-03
8.864013377926e+01 1.566995463974e-03
8.897424749164e+01 1.563144539751e-03
8.930836120401e+01 1.559343558332e-03
8.964247491639e+01 1.555591303490e-03
8.997658862876e+01 1.551887261262e-03
9.031070234114e+01 1.548230189824e-03
9.064481605351e+01 1.544619293113e-03
9.097892976589e+01 1.541053749307e-03
9.131304347826e+01 1.537532582988e-03
9.164715719064e+01 1.534055109782e-03
9.198127090301e+01 1.530620478145e-03
9.231538461538e+01 1.527227932824e-03
9.264949832776e+01 1.523876611756e-03
9.298361204013e+01 1.520565865344e-03
9.331772575251e+01 1.517294961147e-03
9.365183946488e+01 1.514063091051e-03
9.398595317726e+01 1.510869672743e-03
9.432006688963e+01 1.507713953595e-03
9.465418060201e+01 1.504595325113e-03
9.498829431438e+01 1.501513080999e-03
9.532240802676e+01 1.498466641066e-03
9.565652173913e+01 1.495455409273e-03
9.599063545151e+01 1.492478641631e-03
9.632474916388e+01 1.489535873212e-03
9.665886287625e+01 1.486626548315e-03
9.699297658863e+01 1.483749959637e-03
9.732709030100e+01 1.480905742421e-03
9.766120401338e+01 1.478093230521e-03
9.799531772575e+01 1.475311901928e-03
9.832943143813e+01 1.472561313894e-03
9.866354515050e+01 1.469840932165e-03
9.899765886288e+01 1.467150140696e-03
9.933177257525e+01 1.464488619035e-03
9.966588628763e+01 1.461855829976e-03
1.000000000000e+02 1.459251393650e-03
