T	M
1.000000000000e-02 1
1.000000000000e-01 1
4.341137123746e-01 1
7.682274247492e-01 1
1.102341137124e+00 1
1.436454849498e+00 .995
1.770568561873e+00 0.99
2.104682274247e+00 0.976
2.438795986622e+00 9.568979869856e-01
2.772909698997e+00 9.295019533899e-01
3.107023411371e+00 8.995113390664e-01
3.441137123746e+00 8.690376520699e-01
3.775250836120e+00 8.431545288888e-01
4.109364548495e+00 8.160177214380e-01
4.443478260870e+00 7.907987071986e-01
4.777591973244e+00 7.676431476258e-01
5.111705685619e+00 7.464331903318e-01
5.445819397993e+00 7.269490648698e-01
5.779933110368e+00 7.088046870789e-01
6.114046822742e+00 6.917340709013e-01
6.448160535117e+00 6.754707429650e-01
6.782274247492e+00 6.598035698538e-01
7.116387959866e+00 6.445818523512e-01
7.450501672241e+00 6.283227916684e-01
7.784615384615e+00 6.137931640647e-01
8.118729096990e+00 5.995641529568e-01
8.452842809365e+00 5.856554241854e-01
8.786956521739e+00 5.721016577454e-01
9.121070234114e+00 5.589434522063e-01
9.455183946488e+00 5.462205362143e-01
9.789297658863e+00 5.339671209922e-01
1.012341137124e+01 5.268078795440e-01
1.045752508361e+01 5.154626595320e-01
1.079163879599e+01 5.046408781853e-01
1.112575250836e+01 4.943407793199e-01
1.145986622074e+01 4.845528838210e-01
1.179397993311e+01 4.752613143028e-01
1.212809364548e+01 4.664451670411e-01
1.246220735786e+01 4.580798344236e-01
1.279632107023e+01 4.501381028785e-01
1.313043478261e+01 4.425913151400e-01
1.346454849498e+01 4.354100443660e-01
1.379866220736e+01 4.285872422351e-01
1.413277591973e+01 4.220491095664e-01
1.446688963211e+01 4.157906832417e-01
1.480100334448e+01 4.097855775535e-01
1.513511705686e+01 4.040090353447e-01
1.546923076923e+01 3.984381474269e-01
1.580334448161e+01 3.930518684475e-01
1.613745819398e+01 3.878311462814e-01
1.647157190635e+01 3.827589052678e-01
1.680568561873e+01 3.778200156014e-01
1.713979933110e+01 3.730012537285e-01
1.747391304348e+01 3.682911882254e-01
1.780802675585e+01 3.636801132200e-01
1.814214046823e+01 3.591599088401e-01
1.847625418060e+01 3.539412182653e-01
1.881036789298e+01 3.495936835604e-01
1.914448160535e+01 3.453206784378e-01
1.947859531773e+01 3.411190091372e-01
1.981270903010e+01 3.369864200408e-01
2.014682274247e+01 3.329214094119e-01
2.048093645485e+01 3.289230427336e-01
2.081505016722e+01 3.249908871418e-01
2.114916387960e+01 3.211249366910e-01
2.148327759197e+01 3.173254000942e-01
2.181739130435e+01 3.135927593989e-01
2.215150501672e+01 3.099274826285e-01
2.248561872910e+01 3.063302280152e-01
2.281973244147e+01 3.028016068632e-01
2.315384615385e+01 2.993421258357e-01
2.348795986622e+01 2.959522846616e-01
2.382207357860e+01 2.926324231678e-01
2.415618729097e+01 2.893827776132e-01
2.449030100334e+01 2.862034003620e-01
2.482441471572e+01 2.855873253054e-01
2.515852842809e+01 2.825214009866e-01
2.549264214047e+01 2.795257056733e-01
2.582675585284e+01 2.765996906675e-01
2.616086956522e+01 2.737426573031e-01
2.649498327759e+01 2.709538122675e-01
2.682909698997e+01 2.682321889650e-01
2.716321070234e+01 2.655766937624e-01
2.749732441472e+01 2.629861681746e-01
2.783143812709e+01 2.604593159610e-01
2.816555183946e+01 2.579947784742e-01
2.849966555184e+01 2.555911080116e-01
2.883377926421e+01 2.532468190032e-01
2.916789297659e+01 2.509603309123e-01
2.950200668896e+01 2.487300716035e-01
2.983612040134e+01 2.465543748602e-01
3.017023411371e+01 2.444316249745e-01
3.050434782609e+01 2.423601173551e-01
3.083846153846e+01 2.403381797724e-01
3.117257525084e+01 2.383641239386e-01
3.150668896321e+01 2.364362910173e-01
3.184080267559e+01 2.345529981373e-01
3.217491638796e+01 2.327126060184e-01
3.250903010033e+01 2.309134627483e-01
3.284314381271e+01 2.291659394102e-01
3.317725752508e+01 2.274444457758e-01
3.351137123746e+01 2.257595153381e-01
3.384548494983e+01 2.241096383320e-01
3.417959866221e+01 2.224933283246e-01
3.451371237458e+01 2.209091597312e-01
3.484782608696e+01 2.193557479409e-01
3.518193979933e+01 2.178317418434e-01
3.551605351171e+01 2.163358412700e-01
3.585016722408e+01 2.148667981174e-01
3.618428093645e+01 2.134234055400e-01
3.651839464883e+01 2.120044900302e-01
3.685250836120e+01 2.106089480738e-01
3.718662207358e+01 2.092357138409e-01
3.752073578595e+01 2.078837508035e-01
3.785484949833e+01 2.065520971120e-01
3.818896321070e+01 2.052398236452e-01
3.852307692308e+01 2.039460410166e-01
3.885719063545e+01 2.026699255014e-01
3.919130434783e+01 2.014106775634e-01
3.952541806020e+01 2.001675480535e-01
3.985953177258e+01 1.989398425054e-01
4.019364548495e+01 1.977268892567e-01
4.052775919732e+01 1.965280682105e-01
4.086187290970e+01 1.953427991951e-01
4.119598662207e+01 1.941705356937e-01
4.153010033445e+01 1.930107796434e-01
4.186421404682e+01 1.918630446115e-01
4.219832775920e+01 1.907269189381e-01
4.253244147157e+01 1.896019810245e-01
4.286655518395e+01 1.884878618514e-01
4.320066889632e+01 1.873842397855e-01
4.353478260870e+01 1.858797260857e-01
4.386889632107e+01 1.847985497149e-01
4.420301003344e+01 1.837269757961e-01
4.453712374582e+01 1.826647931939e-01
4.487123745819e+01 1.816117568729e-01
4.520535117057e+01 1.805677058212e-01
4.553946488294e+01 1.795324599747e-01
4.587357859532e+01 1.785058874475e-01
4.620769230769e+01 1.774878427256e-01
4.654180602007e+01 1.764782140795e-01
4.687591973244e+01 1.754769046647e-01
4.721003344482e+01 1.744838194755e-01
4.754414715719e+01 1.734989011779e-01
4.787826086957e+01 1.725220670827e-01
4.821237458194e+01 1.715532843959e-01
4.854648829431e+01 1.705925111599e-01
4.888060200669e+01 1.696397039916e-01
4.921471571906e+01 1.686948325123e-01
4.954882943144e+01 1.677578809911e-01
4.988294314381e+01 1.668288470807e-01
5.021705685619e+01 1.659077107490e-01
5.055117056856e+01 1.649944701028e-01
5.088528428094e+01 1.640891057288e-01
5.121939799331e+01 1.631916450992e-01
5.155351170569e+01 1.623020723081e-01
5.188762541806e+01 1.614204071439e-01
5.222173913043e+01 1.605466251073e-01
5.255585284281e+01 1.596807612099e-01
5.288996655518e+01 1.588227998597e-01
5.322408026756e+01 1.579727609020e-01
5.355819397993e+01 1.571306425254e-01
5.389230769231e+01 1.562964463458e-01
5.422642140468e+01 1.554701778892e-01
5.456053511706e+01 1.546518277333e-01
5.489464882943e+01 1.538414055545e-01
5.522876254181e+01 1.530388948256e-01
5.556287625418e+01 1.522443004104e-01
5.589698996656e+01 1.514576078563e-01
5.623110367893e+01 1.506788088595e-01
5.656521739130e+01 1.499078825392e-01
5.689933110368e+01 1.491448316790e-01
5.723344481605e+01 1.483896104604e-01
5.756755852843e+01 1.477878012375e-01
5.790167224080e+01 1.470475082067e-01
5.823578595318e+01 1.463149574504e-01
5.856989966555e+01 1.455901402800e-01
5.890401337793e+01 1.448730477623e-01
5.923812709030e+01 1.441636315974e-01
5.957224080268e+01 1.434618558233e-01
5.990635451505e+01 1.427676658198e-01
6.024046822742e+01 1.420810418229e-01
6.057458193980e+01 1.414019055998e-01
6.090869565217e+01 1.407302361496e-01
6.124280936455e+01 1.400659731931e-01
6.157692307692e+01 1.394090739469e-01
6.191103678930e+01 1.387594599225e-01
6.224515050167e+01 1.381170848547e-01
6.257926421405e+01 1.374818928981e-01
6.291337792642e+01 1.368538220518e-01
6.324749163880e+01 1.362328062614e-01
6.358160535117e+01 1.356187699890e-01
6.391571906355e+01 1.350116581716e-01
6.424983277592e+01 1.344114045511e-01
6.458394648829e+01 1.338179349321e-01
6.491806020067e+01 1.332311641965e-01
6.525217391304e+01 1.326510403998e-01
6.558628762542e+01 1.320774737106e-01
6.592040133779e+01 1.315104087584e-01
6.625451505017e+01 1.309497548315e-01
6.658862876254e+01 1.303954239154e-01
6.692274247492e+01 1.298473633127e-01
6.725685618729e+01 1.293054767939e-01
6.759096989967e+01 1.287697011144e-01
6.792508361204e+01 1.282399283690e-01
6.825919732441e+01 1.277161130889e-01
6.859331103679e+01 1.271981579214e-01
6.892742474916e+01 1.266859747790e-01
6.926153846154e+01 1.261794937019e-01
6.959565217391e+01 1.256786334216e-01
6.992976588629e+01 1.251833026129e-01
7.026387959866e+01 1.246934268791e-01
7.059799331104e+01 1.242089218193e-01
7.093210702341e+01 1.237297083271e-01
7.126622073579e+01 1.232557052913e-01
7.160033444816e+01 1.227868270279e-01
7.193444816054e+01 1.223230055658e-01
7.226856187291e+01 1.218641406110e-01
7.260267558528e+01 1.214101671408e-01
7.293678929766e+01 1.209609995737e-01
7.327090301003e+01 1.205165573143e-01
7.360501672241e+01 1.200767550627e-01
7.393913043478e+01 1.196415293644e-01
7.427324414716e+01 1.192107952185e-01
7.460735785953e+01 1.187844661884e-01
7.494147157191e+01 1.183624854519e-01
7.527558528428e+01 1.179447554488e-01
7.560969899666e+01 1.175383362060e-01
7.594381270903e+01 1.171278787570e-01
7.627792642140e+01 1.167224569682e-01
7.661204013378e+01 1.163209861809e-01
7.694615384615e+01 1.159234133370e-01
7.728026755853e+01 1.155296627216e-01
7.761438127090e+01 1.151396547537e-01
7.794849498328e+01 1.147533276394e-01
7.828260869565e+01 1.143705991444e-01
7.861672240803e+01 1.139914160217e-01
7.895083612040e+01 1.136156961101e-01
7.928494983278e+01 1.132433878077e-01
7.961906354515e+01 1.128744148487e-01
7.995317725753e+01 1.125087110964e-01
8.028729096990e+01 1.121462208821e-01
8.062140468227e+01 1.117868718185e-01
8.095551839465e+01 1.114306120973e-01
8.128963210702e+01 1.110773741274e-01
8.162374581940e+01 1.107271009785e-01
8.195785953177e+01 1.103797288013e-01
8.229197324415e+01 1.100352045760e-01
8.262608695652e+01 1.096934650384e-01
8.296020066890e+01 1.093544637433e-01
8.329431438127e+01 1.090181314325e-01
8.362842809365e+01 1.086844226211e-01
8.396254180602e+01 1.083532934731e-01
8.429665551839e+01 1.080246744487e-01
8.463076923077e+01 1.076985276508e-01
8.496488294314e+01 1.073747890039e-01
8.529899665552e+01 1.070534193575e-01
8.563311036789e+01 1.067343721817e-01
8.596722408027e+01 1.064175932819e-01
8.630133779264e+01 1.061030394405e-01
8.663545150502e+01 1.057906651481e-01
8.696956521739e+01 1.054804250432e-01
8.730367892977e+01 1.051722814964e-01
8.763779264214e+01 1.048661832652e-01
8.797190635452e+01 1.045620947571e-01
8.830602006689e+01 1.042599720302e-01
8.864013377926e+01 1.039597812707e-01
8.897424749164e+01 1.036614742670e-01
8.930836120401e+01 1.033650266706e-01
8.964247491639e+01 1.030703818895e-01
8.997658862876e+01 1.027775270802e-01
9.031070234114e+01 1.024864162394e-01
9.064481605351e+01 1.021970100516e-01
9.097892976589e+01 1.019092833890e-01
9.131304347826e+01 1.016231987318e-01
9.164715719064e+01 1.013387296898e-01
9.198127090301e+01 1.010558413248e-01
9.231538461538e+01 1.007745065195e-01
9.264949832776e+01 1.004946939161e-01
9.298361204013e+01 1.002163772417e-01
9.331772575251e+01 9.993953008781e-02
9.365183946488e+01 9.966412016084e-02
9.398595317726e+01 9.939013259964e-02
9.432006688963e+01 9.911753328796e-02
9.465418060201e+01 9.884630104969e-02
9.498829431438e+01 9.857641072877e-02
9.532240802676e+01 9.830784220490e-02
9.565652173913e+01 9.804057645585e-02
9.599063545151e+01 9.777458422505e-02
9.632474916388e+01 9.750984813534e-02
9.665886287625e+01 9.724635130622e-02
9.699297658863e+01 9.698407131793e-02
9.732709030100e+01 9.672298953827e-02
9.766120401338e+01 9.646309365252e-02
9.799531772575e+01 9.620435500868e-02
9.832943143813e+01 9.594677330203e-02
9.866354515050e+01 9.569031632120e-02
9.899765886288e+01 9.543497923443e-02
9.933177257525e+01 9.518073941850e-02
9.966588628763e+01 9.490169316505e-02
1.000000000000e+02 9.465004541099e-02
