T	M
1.000000000000e-02 1
1.000000000000e-01 1
4.341137123746e-01 1
7.682274247492e-01 .999
1.102341137124e+00 9.909811334056e-01
1.436454849498e+00 9.848166900636e-01
1.770568561873e+00 9.721483967083e-01
2.104682274247e+00 9.536334203160e-01
2.438795986622e+00 9.274213608950e-01
2.772909698997e+00 8.966755284142e-01
3.107023411371e+00 8.643468284225e-01
3.441137123746e+00 8.326492186674e-01
3.775250836120e+00 8.026346465648e-01
4.109364548495e+00 7.731621305565e-01
4.443478260870e+00 7.468953565298e-01
4.777591973244e+00 7.223066873763e-01
5.111705685619e+00 6.987842838800e-01
5.445819397993e+00 6.819801812593e-01
5.779933110368e+00 6.596582691642e-01
6.114046822742e+00 6.379425521450e-01
6.448160535117e+00 6.168753119760e-01
6.782274247492e+00 5.965741074616e-01
7.116387959866e+00 5.771521858745e-01
7.450501672241e+00 5.587018001543e-01
7.784615384615e+00 5.413074449128e-01
8.118729096990e+00 5.249256989186e-01
8.452842809365e+00 5.095655324244e-01
8.786956521739e+00 4.951749284668e-01
9.121070234114e+00 4.807481089430e-01
9.455183946488e+00 4.679783467315e-01
9.789297658863e+00 4.560326011852e-01
1.012341137124e+01 4.447357307276e-01
1.045752508361e+01 4.339874545611e-01
1.079163879599e+01 4.237155259092e-01
1.112575250836e+01 4.138564349643e-01
1.145986622074e+01 4.075169959127e-01
1.179397993311e+01 3.986528685249e-01
1.212809364548e+01 3.896843405564e-01
1.246220735786e+01 3.809852400614e-01
1.279632107023e+01 3.725471790007e-01
1.313043478261e+01 3.643507102756e-01
1.346454849498e+01 3.563980530955e-01
1.379866220736e+01 3.486887271507e-01
1.413277591973e+01 3.412235331881e-01
1.446688963211e+01 3.340041535520e-01
1.480100334448e+01 3.270318588094e-01
1.513511705686e+01 3.203069980538e-01
1.546923076923e+01 3.138476877088e-01
1.580334448161e+01 3.076130549417e-01
1.613745819398e+01 3.016162242156e-01
1.647157190635e+01 2.958562453222e-01
1.680568561873e+01 2.903236008292e-01
1.713979933110e+01 2.850106950963e-01
1.747391304348e+01 2.799081190326e-01
1.780802675585e+01 2.750059478993e-01
1.814214046823e+01 2.702937940009e-01
1.847625418060e+01 2.652458442078e-01
1.881036789298e+01 2.608897549066e-01
1.914448160535e+01 2.566286192114e-01
1.947859531773e+01 2.525773114578e-01
1.981270903010e+01 2.486547294663e-01
2.014682274247e+01 2.448662255133e-01
2.048093645485e+01 2.411957203908e-01
2.081505016722e+01 2.376326528054e-01
2.114916387960e+01 2.341698199343e-01
2.148327759197e+01 2.307997977260e-01
2.181739130435e+01 2.275158135914e-01
2.215150501672e+01 2.243117826053e-01
2.248561872910e+01 2.211822803475e-01
2.281973244147e+01 2.181225602147e-01
2.315384615385e+01 2.153372769992e-01
2.348795986622e+01 2.124023188487e-01
2.382207357860e+01 2.095263839990e-01
2.415618729097e+01 2.067069139091e-01
2.449030100334e+01 2.039417988589e-01
2.482441471572e+01 2.012323644800e-01
2.515852842809e+01 1.985710805797e-01
2.549264214047e+01 1.959599332525e-01
2.582675585284e+01 1.933980629653e-01
2.616086956522e+01 1.908848200690e-01
2.649498327759e+01 1.884196786604e-01
2.682909698997e+01 1.860023333685e-01
2.716321070234e+01 1.836323575608e-01
2.749732441472e+01 1.813095662725e-01
2.783143812709e+01 1.790337159956e-01
2.816555183946e+01 1.768045998952e-01
2.849966555184e+01 1.746219500028e-01
2.883377926421e+01 1.724855175307e-01
2.916789297659e+01 1.703949766635e-01
2.950200668896e+01 1.683499482493e-01
2.983612040134e+01 1.663600934644e-01
3.017023411371e+01 1.644046385045e-01
3.050434782609e+01 1.624932166016e-01
3.083846153846e+01 1.606239891534e-01
3.117257525084e+01 1.587987132007e-01
3.150668896321e+01 1.570154120892e-01
3.184080267559e+01 1.552732714872e-01
3.217491638796e+01 1.535712899057e-01
3.250903010033e+01 1.519088464258e-01
3.284314381271e+01 1.502848461494e-01
3.317725752508e+01 1.486983027277e-01
3.351137123746e+01 1.471481962060e-01
3.384548494983e+01 1.456334766364e-01
3.417959866221e+01 1.441530984681e-01
3.451371237458e+01 1.427059823067e-01
3.484782608696e+01 1.412910478745e-01
3.518193979933e+01 1.399072047729e-01
3.551605351171e+01 1.385533634595e-01
3.585016722408e+01 1.372284570872e-01
3.618428093645e+01 1.358984570591e-01
3.651839464883e+01 1.346285376436e-01
3.685250836120e+01 1.333843919690e-01
3.718662207358e+01 1.321650100080e-01
3.752073578595e+01 1.309654229618e-01
3.785484949833e+01 1.297926593310e-01
3.818896321070e+01 1.286417679045e-01
3.852307692308e+01 1.275123326451e-01
3.885719063545e+01 1.264025048488e-01
3.919130434783e+01 1.253119391288e-01
3.952541806020e+01 1.242398304380e-01
3.985953177258e+01 1.231854078822e-01
4.019364548495e+01 1.221479373051e-01
4.052775919732e+01 1.211267224381e-01
4.086187290970e+01 1.201211028323e-01
4.119598662207e+01 1.191304436797e-01
4.153010033445e+01 1.181541626356e-01
4.186421404682e+01 1.171917025960e-01
4.219832775920e+01 1.162425360881e-01
4.253244147157e+01 1.153061828307e-01
4.286655518395e+01 1.143821962989e-01
4.320066889632e+01 1.134701327229e-01
4.353478260870e+01 1.125696108639e-01
4.386889632107e+01 1.116802729249e-01
4.420301003344e+01 1.108017824043e-01
4.453712374582e+01 1.099338434843e-01
4.487123745819e+01 1.090761537591e-01
4.520535117057e+01 1.082284760249e-01
4.553946488294e+01 1.073905758088e-01
4.587357859532e+01 1.065622374270e-01
4.620769230769e+01 1.057432751888e-01
4.654180602007e+01 1.049351074679e-01
4.687591973244e+01 1.041343881750e-01
4.721003344482e+01 1.033425783481e-01
4.754414715719e+01 1.025595584096e-01
4.787826086957e+01 1.017852205635e-01
4.821237458194e+01 1.010194572079e-01
4.854648829431e+01 1.002621976086e-01
4.888060200669e+01 9.951335492871e-02
4.921471571906e+01 9.877285452256e-02
4.954882943144e+01 9.804064533384e-02
4.988294314381e+01 9.731666760390e-02
5.021705685619e+01 9.660089803259e-02
5.055117056856e+01 9.589324074092e-02
5.088528428094e+01 9.519367987190e-02
5.121939799331e+01 9.450217914567e-02
5.155351170569e+01 9.381869413847e-02
5.188762541806e+01 9.314319162980e-02
5.222173913043e+01 9.247563795927e-02
5.255585284281e+01 9.181600148818e-02
5.288996655518e+01 9.116424037291e-02
5.322408026756e+01 9.052032129922e-02
5.355819397993e+01 8.988421140218e-02
5.389230769231e+01 8.925586713079e-02
5.422642140468e+01 8.863524279103e-02
5.456053511706e+01 8.802231055847e-02
5.489464882943e+01 8.741701089621e-02
5.522876254181e+01 8.681930024418e-02
5.556287625418e+01 8.622913346433e-02
5.589698996656e+01 8.565163978803e-02
5.623110367893e+01 8.507635468309e-02
5.656521739130e+01 8.450843817895e-02
5.689933110368e+01 8.394783728859e-02
5.723344481605e+01 8.339447824158e-02
5.756755852843e+01 8.284767262996e-02
5.790167224080e+01 8.230860919163e-02
5.823578595318e+01 8.177657696641e-02
5.856989966555e+01 8.125150721776e-02
5.890401337793e+01 8.073331926205e-02
5.923812709030e+01 8.022193345986e-02
5.957224080268e+01 7.971719097138e-02
5.990635451505e+01 7.921915680399e-02
6.024046822742e+01 7.872767419886e-02
6.057458193980e+01 7.824264446592e-02
6.090869565217e+01 7.776398447652e-02
6.124280936455e+01 7.729160052855e-02
6.157692307692e+01 7.682539765881e-02
6.191103678930e+01 7.636528015988e-02
6.224515050167e+01 7.591115621973e-02
6.257926421405e+01 7.546292577572e-02
6.291337792642e+01 7.502047835776e-02
6.324749163880e+01 7.458374266046e-02
6.358160535117e+01 7.415260053699e-02
6.391571906355e+01 7.372695977539e-02
6.424983277592e+01 7.330671608426e-02
6.458394648829e+01 7.289177285918e-02
6.491806020067e+01 7.248202386789e-02
6.525217391304e+01 7.207738110049e-02
6.558628762542e+01 7.167773546374e-02
6.592040133779e+01 7.128298773766e-02
6.625451505017e+01 7.089304415497e-02
6.658862876254e+01 7.050780411801e-02
6.692274247492e+01 7.012716824796e-02
6.725685618729e+01 6.975104479271e-02
6.759096989967e+01 6.937933555347e-02
6.792508361204e+01 6.901194391250e-02
6.825919732441e+01 6.864877670772e-02
6.859331103679e+01 6.828974282817e-02
6.892742474916e+01 6.793475218579e-02
6.926153846154e+01 6.758166592144e-02
6.959565217391e+01 6.723449862387e-02
6.992976588629e+01 6.689110772284e-02
7.026387959866e+01 6.655140580953e-02
7.059799331104e+01 6.621531096248e-02
7.093210702341e+01 6.588273727212e-02
7.126622073579e+01 6.555360262921e-02
7.160033444816e+01 6.522807923713e-02
7.193444816054e+01 6.490559139762e-02
7.226856187291e+01 6.458630834958e-02
7.260267558528e+01 6.427015813226e-02
7.293678929766e+01 6.395706963007e-02
7.327090301003e+01 6.364696869253e-02
7.360501672241e+01 6.333978677320e-02
7.393913043478e+01 6.303545771057e-02
7.427324414716e+01 6.273391378055e-02
7.460735785953e+01 6.243509428248e-02
7.494147157191e+01 6.213893110541e-02
7.527558528428e+01 6.184537082687e-02
7.560969899666e+01 6.155434925287e-02
7.594381270903e+01 6.126580987473e-02
7.627792642140e+01 6.097970385925e-02
7.661204013378e+01 6.069597164882e-02
7.694615384615e+01 6.041456382123e-02
7.728026755853e+01 6.013543204556e-02
7.761438127090e+01 5.985852555497e-02
7.794849498328e+01 5.958379834495e-02
7.828260869565e+01 5.931120603472e-02
7.861672240803e+01 5.904070890863e-02
7.895083612040e+01 5.877225920159e-02
7.928494983278e+01 5.850582562314e-02
7.961906354515e+01 5.824136034543e-02
7.995317725753e+01 5.797883545199e-02
8.028729096990e+01 5.771820748397e-02
8.062140468227e+01 5.745944785574e-02
8.095551839465e+01 5.720252188484e-02
8.128963210702e+01 5.694740263449e-02
8.162374581940e+01 5.669405135867e-02
8.195785953177e+01 5.644245207246e-02
8.229197324415e+01 5.619257119395e-02
8.262608695652e+01 5.594438378098e-02
8.296020066890e+01 5.569786326805e-02
8.329431438127e+01 5.545298819505e-02
8.362842809365e+01 5.520973828008e-02
8.396254180602e+01 5.496809350864e-02
8.429665551839e+01 5.472802982809e-02
8.463076923077e+01 5.448952688422e-02
8.496488294314e+01 5.425257575704e-02
8.529899665552e+01 5.401715045136e-02
8.563311036789e+01 5.378405392969e-02
8.596722408027e+01 5.355163714252e-02
8.630133779264e+01 5.332070443090e-02
8.663545150502e+01 5.309124310513e-02
8.696956521739e+01 5.286323595649e-02
8.730367892977e+01 5.263667494444e-02
8.763779264214e+01 5.241155048958e-02
8.797190635452e+01 5.218784778372e-02
8.830602006689e+01 5.196555814506e-02
8.864013377926e+01 5.174467431544e-02
8.897424749164e+01 5.152518251337e-02
8.930836120401e+01 5.130707971752e-02
8.964247491639e+01 5.109035503387e-02
8.997658862876e+01 5.087500025418e-02
9.031070234114e+01 5.066101294835e-02
9.064481605351e+01 5.044838034367e-02
9.097892976589e+01 5.023709737465e-02
9.131304347826e+01 5.002716342699e-02
9.164715719064e+01 4.981856862077e-02
9.198127090301e+01 4.961130475005e-02
9.231538461538e+01 4.940538462202e-02
9.264949832776e+01 4.920077602843e-02
9.298361204013e+01 4.899748600533e-02
9.331772575251e+01 4.879551451392e-02
9.365183946488e+01 4.859485159655e-02
9.398595317726e+01 4.839549786373e-02
9.432006688963e+01 4.819744285580e-02
9.465418060201e+01 4.800068752379e-02
9.498829431438e+01 4.780522790268e-02
9.532240802676e+01 4.761105956570e-02
9.565652173913e+01 4.741817778555e-02
9.599063545151e+01 4.722658035098e-02
9.632474916388e+01 4.703626222515e-02
9.665886287625e+01 4.684721903204e-02
9.699297658863e+01 4.665945086834e-02
9.732709030100e+01 4.647294861412e-02
9.766120401338e+01 4.628771247230e-02
9.799531772575e+01 4.610373842163e-02
9.832943143813e+01 4.592102217466e-02
9.866354515050e+01 4.573955578823e-02
9.899765886288e+01 4.555934287622e-02
9.933177257525e+01 4.538037459502e-02
9.966588628763e+01 4.520264587237e-02
1.000000000000e+02 4.502615720701e-02
